0.149799
0.459605
0.478476
0.014049
0.144080
0.882581
0.016935
0.335704
0.673353
0.053040
0.737846
0.184338
0.044231
0.092521
0.170511
0.809764
0.594157
0.850280
0.436746
0.273746
0.709515
0.228003
0.319493
0.166371
0.822540
0.014125
0.686946
0.406305
0.956759
0.425708
0.148305
0.346760
0.005512
0.203688
0.791827
0.681514
0.483826
0.619648
0.525756
0.060153
0.924490
0.031024
0.686002
0.122757
0.681750
0.011462
0.354386
0.620832
0.549192
0.767175
0.631732
0.033861
0.002491
0.974554
0.023730
0.175645
0.475323
0.051878
0.779869
0.270108
0.325410
0.089543
0.093699
0.062538
0.585234
0.318812
0.501263
0.183280
0.795734
0.690484
0.493945
0.705768
0.733235
0.003376
0.149799
0.372609
0.754423
0.327746
0.234630
0.956547
0.671459
0.136890
0.203628
0.227078
0.900499
0.881346
0.060594
0.219269
0.931393
0.753742
0.578912
0.594275
0.327572
0.111933
0.089993
0.628057
0.783729
0.076186
0.547005
0.117369
0.495383
0.463885
0.267778
0.195127
0.612197
0.967387
0.917699
0.251747
0.441017
0.459498
0.476517
0.133200
0.173512
0.090054
0.556001
0.572141
0.357504
0.606646
0.086652
0.438202
0.063060
0.944472
0.723159
0.295696
0.670156
0.813143
0.130301
0.382422
0.520096
0.024382
0.232471
0.974632
0.152920
0.085495
0.379834
0.341380
0.404413
0.840827
0.261761
0.573890
0.179538
0.854443
0.174097
0.789537
0.441540
0.279968
0.739686
0.002776
0.883021
0.993961
0.422846
0.861403
0.261687
0.191360
0.268603
0.079192
0.263607
0.028017
0.707408
0.247274
0.332803
0.112701
0.972690
0.455557
0.953572
0.353107
0.641220
0.184338
0.579029
0.674892
0.069140
0.287556
0.046162
0.662335
0.280200
0.808491
0.148305
0.068173
0.394155
0.123272
0.498042
0.199727
0.082804
0.845581
0.660557
0.954121
0.039230
0.483826
0.714891
0.239131
0.317877
0.301134
0.753969
0.783509
0.453647
0.105847
0.555307
0.221072
0.078231
0.231398
0.021854
0.663165
0.488214
0.623555
0.164688
0.954066
0.607945
0.615980
0.883109
0.691427
0.699312
0.152349
0.480110
0.757031
0.504270
0.160617
0.335969
0.995487
0.553805
0.330529
0.309550
0.451423
0.883021
0.306478
0.744503
0.600160
0.147933
0.963333
0.303674
0.039985
0.561211
0.898282
0.837428
0.673708
0.565042
0.202421
0.210244
0.155467
0.870161
0.092799
0.980645
0.713256
0.988388
0.712555
0.878858
0.004408
0.870161
0.470126
0.058972
0.444996
0.796275
0.383576
0.160419
0.614443
0.707876
0.027496
0.340934
0.517727
0.056772
0.376591
0.369969
0.202602
0.140846
0.621424
0.771761
0.992738
0.453117
0.144944
0.340222
0.091600
0.239199
0.546315
0.148165
0.049168
0.900009
0.466677
0.943187
0.698254
0.305734
0.290728
0.436643
0.010084
0.652254
0.589810
0.427657
0.840429
0.894200
0.316351
0.249113
0.836825
0.551151
0.486676
0.636238
0.332540
0.454283
0.454283
0.196064
0.101819
0.052042
0.896209
0.263385
0.252821
0.769862
0.266805
0.583945
0.434153
0.153398
0.239956
0.561211
0.467108
0.889103
0.393959
0.168068
0.930094
0.594157
0.333241
0.670393
0.417864
0.370252
0.195888
0.517389
0.887207
0.070457
0.170668
0.300236
0.467000
0.087293
0.177529
0.715474
0.526550
0.952351
0.193555
0.667432
0.370628
0.896791
0.637305
0.622845
0.479674
0.490194
0.101117
0.661149
0.908747
0.385986
0.944715
0.910620
0.515474
0.255992
0.440913
0.069045
0.463348
0.883197
0.495494
0.664824
0.989892
0.427965
0.915447
0.317537
0.872906
0.176504
0.804338
0.104914
0.895959
0.159923
0.891240
0.258463
0.071625
0.626635
0.807854
0.810504
0.942073
0.196064
0.283939
0.198895
0.787351
0.657473
0.449627
0.798543
0.719321
0.788663
0.733120
0.010593
0.681160
0.820674
0.506614
0.396901
0.558894
0.113585
0.798758
0.570160
0.637424
0.696490
0.908669
0.971249
0.579263
0.738421
0.344511
0.996584
0.376210
0.472180
0.305321
0.859129
0.457792
0.459284
0.922765
0.582540
0.149004
0.157706
0.801017
0.978786
0.984968
0.000111
0.625332
0.801125
0.870528
0.968677
0.616808
0.259705
0.216778
0.716641
0.223798
0.365472
0.291925
0.215572
0.100154
0.208143
0.615980
0.025247
0.814720
0.640152
0.423561
0.932881
0.520548
0.733004
0.794434
0.316182
0.597099
0.202542
0.173566
0.360548
0.549883
0.514686
0.009210
0.484592
0.942073
0.479783
0.792262
0.708696
0.541722
0.033251
0.376781
0.694136
0.069856
0.744389
0.695784
0.060868
0.689777
0.700017
0.886601
0.252678
0.270561
0.727220
0.402032
0.376496
0.163473
0.098806
0.458325
0.979440
0.977331
0.236872
0.821608
0.738766
0.789210
0.061229
0.501931
0.510420
0.279968
0.908747
0.290569
0.622371
0.345499
0.162868
0.721764
0.031412
0.547580
0.207651
0.967207
0.129513
0.828918
0.446362
0.018182
0.162065
0.375260
0.609362
0.245516
0.247556
0.401636
0.949105
0.389766
0.743014
0.884424
0.092090
0.899352
0.429096
0.520435
0.903742
0.246640
0.316097
0.132565
0.470018
0.777877
0.784608
0.995651
0.694019
0.640033
0.861969
0.120561
0.966981
0.504159
0.479783
0.112262
0.752946
0.553459
0.027153
0.107420
0.744160
0.670275
0.251747
0.607945
0.128852
0.305734
0.703305
0.530527
0.436643
0.113695
0.852028
0.930094
0.272605
0.428993
0.893696
0.755671
0.776546
0.282923
0.669564
0.591454
0.731156
0.569112
0.172454
0.483497
0.594510
0.719554
0.546315
0.002303
0.411910
0.204415
0.315928
0.908119
0.434153
0.106894
0.925486
0.752832
0.271392
0.363795
0.436954
0.704947
0.764030
0.330529
0.305899
0.499152
0.665773
0.506614
0.049939
0.170511
0.178178
0.304991
0.777988
0.244257
0.402131
0.097636
0.019804
0.914841
0.261835
0.051116
0.701074
0.215572
0.079004
0.589457
0.999419
0.838831
0.358241
0.321115
0.427554
0.504159
0.009351
0.336498
0.877157
0.008872
0.450155
0.854250
0.587580
0.065233
0.378974
0.571208
0.574240
0.147933
0.453435
0.763693
0.801876
0.026934
0.137107
0.841921
0.586993
0.832584
0.004149
0.392786
0.175752
0.977870
0.923198
0.039570
0.995626
0.154406
0.756125
0.361381
0.185568
0.615862
0.441331
0.113880
0.737961
0.535657
0.944836
0.278113
0.043078
0.246359
0.982276
0.043604
0.378592
0.569461
0.589575
0.332015
0.150504
0.654982
0.088976
0.942011
0.721997
0.361104
0.332628
0.399560
0.753855
0.892767
0.832584
0.276805
0.269505
0.318897
0.853189
0.326187
0.251747
0.376305
0.108373
0.180907
0.543672
0.275426
0.262794
0.319663
0.092953
0.119476
0.789210
0.195244
0.009351
0.130927
0.702483
0.519419
0.878769
0.851931
0.227474
0.460352
0.014957
0.282376
0.280821
0.776990
0.579731
0.423050
0.813459
0.223798
0.724901
0.108480
0.553112
0.551612
0.634814
0.521113
0.444052
0.748276
0.374407
0.008861
0.041105
0.011550
0.859224
0.459178
0.625806
0.811772
0.390349
0.189242
0.013937
0.372137
0.502599
0.222496
0.316013
0.404314
0.045672
0.449416
0.428068
0.748162
0.436331
0.281209
0.049221
0.451317
0.110880
0.671340
0.869332
0.395527
0.295858
0.748846
0.034859
0.350650
0.939747
0.952852
0.679150
0.004937
0.014513
0.954176
0.690956
0.452587
0.668972
0.835517
0.184449
0.184449
0.563764
0.636000
0.220105
0.075515
0.048306
0.195244
0.621661
0.583828
0.374028
0.549537
0.836222
0.784278
0.830653
0.253827
0.785597
0.857701
0.144944
0.771203
0.849696
0.051206
0.632443
0.837729
0.595804
0.098741
0.748846
0.552997
0.613261
0.644660
0.149565
0.268904
0.338978
0.337205
0.349289
0.136197
0.193207
0.672288
0.290489
0.225564
0.422744
0.575407
0.233683
0.052006
0.839531
0.777988
0.834710
0.417458
0.003535
0.414426
0.587697
0.235511
0.562487
0.327746
0.999145
0.272681
0.074849
0.775213
0.565623
0.910930
0.088738
0.128440
0.613852
0.624858
0.689187
0.963909
0.087998
0.858654
0.248404
0.725481
0.264052
0.741179
0.363051
0.376591
0.203507
0.866184
0.377257
0.252391
0.688598
0.975018
0.680687
0.799297
0.621661
0.029942
0.634459
0.094638
0.580901
0.072710
0.562023
0.161215
0.345499
0.499041
0.536686
0.678441
0.157022
0.425606
0.717923
0.098610
0.710100
0.380217
0.084552
0.056297
0.064360
0.040114
0.262203
0.592394
0.169937
0.086884
0.096542
0.495936
0.150504
0.778652
0.029844
0.031070
0.750442
0.805086
0.066551
0.872268
0.898117
0.545395
0.133582
0.824813
0.767287
0.181017
0.008224
0.555770
0.144080
0.498708
0.648338
0.417256
0.677495
0.984515
0.266507
0.199489
0.217223
0.486895
0.739915
0.252821
0.989225
0.652135
0.470126
0.533831
0.282532
0.687418
0.199311
0.682105
0.679150
0.004670
0.850961
0.357688
0.582657
0.017436
0.863473
0.390933
0.859224
0.799297
0.626280
0.957235
0.469371
0.085610
0.411006
0.292484
0.954775
0.032974
0.966434
0.075669
0.371948
0.488763
0.349471
0.607000
0.121537
0.513787
0.460886
0.078844
0.064382
0.161665
0.242377
0.161615
0.449733
0.878143
0.225893
0.717806
0.488324
0.071919
0.927530
0.605230
0.469371
0.884424
0.683759
0.264571
0.764817
0.093886
0.176182
0.848134
0.511317
0.373176
0.785597
0.445941
0.398279
0.546430
0.755444
0.904866
0.940317
0.211800
0.650711
0.271847
0.214372
0.779869
0.200443
0.602753
0.188275
0.661861
0.684349
0.441853
0.961970
0.043063
0.142815
0.061655
0.767063
0.246218
0.032343
0.082498
0.507509
0.210990
0.244047
0.056101
0.715474
0.460886
0.311554
0.973533
0.626280
0.319919
0.624621
0.144443
0.888501
0.614798
0.235715
0.850767
0.953792
0.544706
0.233549
0.832584
0.253899
0.373271
0.315252
0.729421
0.247909
0.609716
0.244886
0.764930
0.958590
0.156437
0.824297
0.445311
0.653796
0.584531
0.623200
0.392981
0.633629
0.593687
0.907646
0.349108
0.896542
0.037774
0.969419
0.964951
0.995787
0.057309
0.091508
0.164384
0.915144
0.048925
0.587580
0.969376
0.093232
0.958072
0.689659
0.459818
0.332715
0.417661
0.642762
0.796383
0.511653
0.186073
0.513787
0.085668
0.832280
0.247415
0.096350
0.736464
0.026227
0.939174
0.993235
0.201820
0.261908
0.765941
0.703305
0.621542
0.720950
0.522923
0.204597
0.776435
0.505051
0.974593
0.414225
0.371099
0.728611
0.591924
0.804445
0.895290
0.702483
0.767399
0.577626
0.928297
0.428376
0.577626
0.078178
0.678204
0.387534
0.621305
0.045461
0.931257
0.366406
0.840827
0.159972
0.044184
0.499374
0.257443
0.986330
0.287793
0.574590
0.198955
0.947467
0.318386
0.068785
0.499929
0.313063
0.963189
0.188786
0.837026
0.652965
0.498930
0.591571
0.234562
0.055807
0.444891
0.083224
0.230062
0.094105
0.515024
0.049500
0.742326
0.644660
0.743014
0.203628
0.109764
0.595098
0.506503
0.345140
0.882757
0.101384
0.935608
0.061059
0.615389
0.928922
0.180742
0.759746
0.272150
0.108693
0.014119
0.060636
0.925060
0.228533
0.004541
0.634577
0.116838
0.740260
0.040490
0.414225
0.877695
0.682814
0.855596
0.671222
0.634222
0.164790
0.955209
0.037556
0.123073
0.300236
0.378401
0.367997
0.081282
0.971333
0.257153
0.982524
0.078470
0.957811
0.333066
0.819842
0.246218
0.986144
0.429199
0.357873
0.993564
0.662454
0.006738
0.214120
0.286136
0.728147
0.932746
0.938212
0.334207
0.469263
0.115183
0.310551
0.707525
0.693783
0.095111
0.087557
0.901965
0.052743
0.728147
0.782077
0.293285
0.421826
0.337117
0.012909
0.205449
0.300971
0.969808
0.606410
0.581720
0.826870
0.106439
0.713840
0.961377
0.633747
0.528139
0.933351
0.465387
0.428993
0.184003
0.950600
0.346760
0.344780
0.356127
0.900908
0.836725
0.392786
0.607590
0.090778
0.040490
0.317198
0.586876
0.266507
0.537486
0.388989
0.139561
0.500374
0.804872
0.413620
0.443214
0.504047
0.506726
0.280045
0.963766
0.084523
0.623318
0.718971
0.216969
0.389086
0.058501
0.876887
0.080163
0.004173
0.602400
0.974710
0.288901
0.044723
0.821608
0.691545
0.619885
0.531666
0.097507
0.174736
0.202241
0.498597
0.066688
0.175699
0.572024
0.851253
0.187482
0.317029
0.728263
0.331665
0.258463
0.926053
0.345409
0.288030
0.154021
0.111605
0.911472
0.234021
0.689659
0.439348
0.379834
0.401042
0.284487
0.007421
0.495162
0.019582
0.426733
0.631969
0.116800
0.824297
0.072561
0.308717
0.390155
0.091295
0.621305
0.663165
0.398476
0.662572
0.060091
0.241960
0.817444
0.317198
0.810716
0.382134
0.616572
0.978890
0.249467
0.378019
0.982276
0.874451
0.740030
0.624266
0.836825
0.952741
0.586289
0.097120
0.437994
0.789537
0.551958
0.700722
0.969419
0.869517
0.574824
0.070893
0.880992
0.719088
0.961624
0.415032
0.742097
0.399560
0.456727
0.833091
0.205632
0.517727
0.926265
0.926265
0.164130
0.943862
0.475214
0.293044
0.286530
0.358425
0.027213
0.475757
0.658896
0.543787
0.362866
0.611606
0.296665
0.299829
0.215129
0.985163
0.726989
0.639084
0.545395
0.425196
0.228798
0.455132
0.071258
0.541264
0.729652
0.740375
0.863942
0.833800
0.367155
0.659964
0.870436
0.936265
0.134264
0.946459
0.553921
0.025842
0.862816
0.184170
0.817444
0.541608
0.091143
0.989651
0.038963
0.116083
0.066094
0.231733
0.536114
0.169780
0.178178
0.548271
0.172191
0.541837
0.248617
0.970703
0.679978
0.932679
0.757031
0.803590
0.771538
0.631732
0.490965
0.511765
0.080217
0.195478
0.642762
0.216396
0.570626
0.570509
0.576692
0.439557
0.029550
0.578211
0.357321
0.435708
0.325669
0.402924
0.463241
0.733928
0.364913
0.337205
0.329745
0.942073
0.072735
0.943187
0.305404
0.788882
0.629953
0.552651
0.584297
0.646440
0.847742
0.817130
0.015461
0.670156
0.809552
0.836524
0.221718
0.594510
0.569112
0.574473
0.763805
0.048357
0.603461
0.156243
0.119206
0.554152
0.970956
0.659252
0.953241
0.530527
0.918592
0.636712
0.490084
0.541608
0.318047
0.613734
0.842021
0.627583
0.315084
0.796275
0.937566
0.881346
0.181236
0.255558
0.331490
0.313399
0.289218
0.135765
0.964195
0.167656
0.226616
0.982861
0.359901
0.491296
0.276038
0.130843
0.997518
0.092090
0.964337
0.023198
0.110555
0.265017
0.433532
0.928991
0.681750
0.853286
0.202421
0.985163
0.619885
0.224059
0.538858
0.665417
0.556695
0.196240
0.439452
0.787788
0.186185
0.626161
0.782628
0.751923
0.256137
0.432188
0.574940
0.855500
0.712205
0.614325
0.803376
0.144990
0.685176
0.784828
0.495383
0.642287
0.563764
0.075721
0.545855
0.786035
0.103169
0.071112
0.513450
0.288505
0.308634
0.067103
0.297555
0.765042
0.783398
0.190441
0.490084
0.035781
0.438931
0.870620
0.835617
0.514799
0.825019
0.908119
0.725713
0.236463
0.421419
0.140490
0.492399
0.221783
0.247556
0.479347
0.649050
0.262277
0.843211
0.549883
0.741293
0.991144
0.340756
0.282532
0.886774
0.260071
0.847448
0.745991
0.641457
0.571092
0.811878
0.885819
0.985768
0.774101
0.736925
0.266134
0.101786
0.552189
0.013836
0.554267
0.643830
0.086303
0.291127
0.901803
0.997819
0.841325
0.337648
0.565971
0.047273
0.464528
0.425811
0.336145
0.965278
0.821608
0.094764
0.772207
0.621069
0.136847
0.313820
0.876077
0.079622
0.521565
0.758276
0.193033
0.343346
0.612433
0.254331
0.145767
0.066918
0.441540
0.859984
0.166422
0.166474
0.411910
0.113437
0.035781
0.804338
0.812300
0.918740
0.296342
0.336940
0.249326
0.217287
0.219077
0.480329
0.350287
0.611252
0.286451
0.363423
0.230997
0.033947
0.365192
0.041968
0.335087
0.656999
0.673235
0.180304
0.335881
0.273975
0.903903
0.785487
0.414225
0.235240
0.349289
0.555654
0.387244
0.633747
0.018923
0.077544
0.658896
0.064138
0.108764
0.485579
0.207099
0.080190
0.415436
0.358057
0.808385
0.672051
0.449310
0.507509
0.550114
0.081309
0.772207
0.628887
0.170720
0.746105
0.740145
0.111970
0.556116
0.130093
0.355210
0.340845
0.833496
0.439035
0.558083
0.472613
0.302033
0.245867
0.588049
0.219719
0.260952
0.850572
0.670275
0.410504
0.140623
0.335087
0.459498
0.113437
0.137892
0.042224
0.924918
0.258974
0.786145
0.829429
0.561675
0.727568
0.171192
0.402032
0.950998
0.891580
0.686828
0.520322
0.560400
0.387534
0.574590
0.318642
0.304332
0.648101
0.783288
0.387728
0.986356
0.195419
0.168845
0.781194
0.230596
0.180249
0.722578
0.483388
0.511204
0.776324
0.980447
0.069856
0.413922
0.284957
0.266208
0.435397
0.288109
0.704712
0.406504
0.344691
0.966708
0.215699
0.568181
0.666365
0.491296
0.634222
0.716291
0.444891
0.419588
0.749303
0.853286
0.154357
0.343077
0.536571
0.971082
0.063322
0.433118
0.747362
0.470450
0.052097
0.677613
0.334559
0.779095
0.420910
0.463134
0.293686
0.788663
0.624384
0.150033
0.729189
0.421928
0.328353
0.137892
0.656524
0.714891
0.747362
0.620713
0.876077
0.541149
0.555654
0.495272
0.600749
0.492841
0.428684
0.688244
0.834811
0.796924
0.296907
0.998115
0.516037
0.818488
0.585469
0.488214
0.130843
0.251247
0.492730
0.401042
0.743472
0.920289
0.721648
0.529958
0.896375
0.099396
0.968014
0.962655
0.352378
0.587462
0.884424
0.857033
0.863098
0.638491
0.534630
0.337914
0.507621
0.688952
0.019894
0.211364
0.348113
0.730693
0.841723
0.347391
0.843310
0.375830
0.974748
0.666958
0.638017
0.815350
0.276575
0.381366
0.620950
0.894620
0.194952
0.911395
0.049851
0.910309
0.349380
0.061144
0.217096
0.237145
0.660794
0.984169
0.117445
0.108622
0.090869
0.411307
0.328353
0.579029
0.777212
0.844793
0.770198
0.655575
0.295374
0.814405
0.565506
0.402428
0.045704
0.784608
0.655457
0.579731
0.656524
0.205449
0.253324
0.121341
0.159131
0.099758
0.385890
0.742326
0.435293
0.403917
0.762792
0.646203
0.520661
0.841921
0.143944
0.289218
0.782628
0.745876
0.759972
0.356769
0.945380
0.403817
0.148724
0.090688
0.925628
0.477061
0.004290
0.769974
0.619648
0.592394
0.466785
0.272605
0.416446
0.647864
0.454920
0.743816
0.990739
0.509635
0.787569
0.766614
0.456833
0.501597
0.649762
0.721532
0.047206
0.877605
0.978190
0.833496
0.806791
0.895792
0.734620
0.148073
0.215193
0.467538
0.998733
0.391908
0.707174
0.130718
0.237213
0.933150
0.608889
0.579029
0.989914
0.436850
0.459178
0.696726
0.155419
0.767960
0.545280
0.367716
0.460673
0.626043
0.645016
0.707993
0.306560
0.740030
0.784828
0.357965
0.835315
0.773433
0.832178
0.522470
0.321115
0.395134
0.839231
0.158688
0.150598
0.148724
0.647982
0.454283
0.877605
0.713957
0.962850
0.818279
0.865904
0.977222
0.864130
0.526096
0.646084
0.399955
0.261540
0.367248
0.173725
0.583945
0.155032
0.195829
0.666721
0.305734
0.608889
0.071625
0.724204
0.607354
0.635526
0.671932
0.164485
0.395036
0.725133
0.478258
0.509523
0.135636
0.599218
0.209006
0.515586
0.564809
0.048649
0.730693
0.266731
0.310718
0.456195
0.717923
0.518178
0.094512
0.859889
0.141202
0.608889
0.945440
0.316351
0.208205
0.474888
0.293365
0.539087
0.793349
0.403023
0.410103
0.148073
0.003675
0.173194
0.029141
0.145264
0.844299
0.911085
0.607945
0.891750
0.522018
0.986330
0.068643
0.932881
0.039258
0.787131
0.511541
0.079111
0.539889
0.973213
0.511204
0.775325
0.379930
0.712906
0.716058
0.977977
0.611133
0.628887
0.676312
0.103885
0.966297
0.496268
0.013194
0.459925
0.531894
0.994604
0.309966
0.958228
0.067497
0.387437
0.680805
0.828202
0.176719
0.983553
0.092121
0.759520
0.406105
0.927949
0.898034
0.923270
0.312560
0.115670
0.878501
0.685294
0.021021
0.923702
0.523942
0.270033
0.811350
0.774324
0.462598
0.958176
0.819426
0.202903
0.816921
0.430228
0.945440
0.788991
0.565274
0.589810
0.612670
0.779537
0.612670
0.543672
0.127661
0.243908
0.466462
0.526550
0.740719
0.215193
0.682578
0.423765
0.023510
0.152206
0.304414
0.516825
0.770645
0.560748
0.105813
0.019450
0.243978
0.221524
0.907882
0.585351
0.189698
0.253971
0.936068
0.801125
0.353107
0.743931
0.256209
0.922693
0.487994
0.715474
0.834204
0.425196
0.981711
0.802090
0.588166
0.804124
0.020856
0.525529
0.483497
0.440704
0.590749
0.079730
0.343973
0.511765
0.794868
0.562835
0.151589
0.653915
0.725713
0.473696
0.054666
0.780532
0.199133
0.986540
0.074747
0.891325
0.601339
0.569461
0.830857
0.783288
0.135034
0.956228
0.373744
0.408501
0.568646
0.430228
0.658185
0.107561
0.401636
0.001649
0.240025
0.587697
0.389669
0.670275
0.932409
0.602635
0.708813
0.594157
0.324289
0.220105
0.496933
0.950657
0.024857
0.204294
0.524962
0.466677
0.743243
0.265537
0.925557
0.132143
0.461421
0.228599
0.049535
0.577977
0.877605
0.409903
0.817966
0.952518
0.075979
0.783619
0.917251
0.642881
0.522810
0.433636
0.226485
0.388116
0.622963
0.828509
0.468831
0.868225
0.003900
0.196416
0.042497
0.192744
0.336498
0.900744
0.305486
0.815874
0.302443
0.194194
0.823161
0.210369
0.703539
0.093015
0.023206
0.094011
0.321970
0.739915
0.713256
0.553112
0.967522
0.368842
0.042451
0.366406
0.256644
0.999824
0.024582
0.023519
0.385117
0.144580
0.658185
0.090930
0.741408
0.771203
0.125068
0.152064
0.582071
0.381079
0.116952
0.421521
0.408501
0.613142
0.135765
0.111097
0.774658
0.231800
0.502487
0.706588
0.401537
0.620477
0.345050
0.552766
0.084580
0.850280
0.491076
0.187878
0.165706
0.247274
0.383383
0.829633
0.709164
0.689423
0.476517
0.020817
0.888243
0.244187
0.954121
0.595098
0.394057
0.463241
0.670511
0.533033
0.626872
0.122165
0.131891
0.655101
0.557505
0.966571
0.796491
0.658778
0.517839
0.643237
0.318132
0.210182
0.816503
0.600396
0.376020
0.574824
0.527912
0.582071
0.670748
0.840030
0.434153
0.610070
0.864317
0.803483
0.166422
0.853865
0.348656
0.294167
0.897869
0.631257
0.755104
0.144580
0.309300
0.981963
0.028369
0.068974
0.589692
0.226156
0.905185
0.830755
0.914081
0.160369
0.233954
0.329658
0.610661
0.620477
0.017318
0.892344
0.920948
0.958280
0.235851
0.554960
0.371759
0.550229
0.325237
0.919627
0.652610
0.052910
0.787131
0.689070
0.664943
0.706471
0.024148
0.280200
0.916877
0.615152
0.721880
0.610188
0.695196
0.604050
0.385214
0.011880
0.903259
0.803804
0.050417
0.102628
0.534059
0.166269
0.513899
0.382038
0.039556
0.696020
0.008792
0.418675
0.390057
0.583476
0.448994
0.924775
0.263903
0.739226
0.162215
0.463134
0.347301
0.331403
0.604050
0.868502
0.226550
0.233414
0.876977
0.352651
0.406404
0.080925
0.507061
0.165502
0.019341
0.131639
0.309300
0.307886
0.831162
0.920729
0.859319
0.338357
0.974125
0.348475
0.391713
0.484921
0.661861
0.801661
0.993725
0.350015
0.517614
0.575524
0.713724
0.518403
0.969980
0.850475
0.121146
0.895207
0.980842
0.563184
0.526890
0.435501
0.766838
0.919553
0.188162
0.574590
0.841524
0.694843
0.464314
0.630072
0.803483
0.542984
0.955478
0.140268
0.478149
0.647389
0.994385
0.489424
0.748276
0.712322
0.687772
0.010393
0.089543
0.066872
0.848134
0.963526
0.330093
0.239474
0.749531
0.770756
0.777655
0.001009
0.983671
0.522923
0.945380
0.765267
0.864036
0.492841
0.332015
0.052966
0.119708
0.081888
0.115595
0.999390
0.103068
0.079730
0.780863
0.198303
0.546660
0.131639
0.943556
0.757144
0.384057
0.299015
0.502821
0.290489
0.023198
0.256717
0.434464
0.550690
0.855980
0.197948
0.152682
0.075876
0.765491
0.686592
0.359440
0.774880
0.112152
0.503156
0.112481
0.035625
0.820674
0.003868
0.797140
0.567367
0.109979
0.907804
0.998259
0.679505
0.820674
0.326101
0.659845
0.128399
0.018739
0.107279
0.493393
0.134563
0.527458
0.891155
0.073861
0.268228
0.861969
0.070796
0.926406
0.101819
0.821193
0.979880
0.834305
0.771315
0.744389
0.568879
0.784168
0.554152
0.073208
0.410404
0.364913
0.156875
0.435604
0.129388
0.965743
0.387631
0.545280
0.919036
0.151069
0.432808
0.698372
0.527231
0.304579
0.170041
0.247133
0.618346
0.709047
0.616335
0.943556
0.070602
0.412815
0.199430
0.991634
0.230462
0.163120
0.867669
0.292484
0.441331
0.777655
0.703070
0.374881
0.323601
0.554383
0.495383
0.057309
0.252391
0.413016
0.337471
0.551728
0.705768
0.910154
0.188957
0.151258
0.186523
0.446677
0.821608
0.485908
0.786255
0.177259
0.202120
0.025633
0.033457
0.990963
0.449944
0.660319
0.311973
0.179538
0.492178
0.306395
0.934418
0.359994
0.688244
0.990151
0.782958
0.529503
0.032532
0.552997
0.917027
0.487884
0.796708
0.852996
0.020833
0.057651
0.033960
0.127989
0.336498
0.083533
0.989606
0.322914
0.472613
0.053189
0.267778
0.034796
0.594981
0.669801
0.916276
0.054761
0.941512
0.368466
0.591806
0.260585
0.616335
0.384346
0.580316
0.249397
0.598629
0.438827
0.773656
0.340222
0.899599
0.613970
0.480001
0.398673
0.604404
0.565390
0.641931
0.090024
0.166269
0.157510
0.286688
0.596745
0.362216
0.730925
0.474346
0.634696
0.078072
0.034294
0.280045
0.828100
0.044468
0.422846
0.529731
0.411910
0.270108
0.847546
0.990087
0.130218
0.279581
0.079568
0.055709
0.825122
0.864878
0.781305
0.253108
0.311303
0.664232
0.487335
0.773656
0.757031
0.939493
0.146731
0.727336
0.444681
0.264052
0.340222
0.236735
0.401537
0.067358
0.513225
0.541378
0.303345
0.034733
0.621424
0.246922
0.221589
0.785048
0.728958
0.340845
0.823781
0.565971
0.696255
0.936068
0.675365
0.107490
0.712088
0.044994
0.384346
0.686710
0.724901
0.938019
0.510083
0.794542
0.638728
0.169989
0.489644
0.603579
0.064338
0.033947
0.847742
0.868317
0.072437
0.305734
0.211177
0.571908
0.260145
0.475323
0.505944
0.275273
0.524055
0.186073
0.549653
0.536457
0.876438
0.394546
0.605230
0.510756
0.106369
0.672880
0.310467
0.713724
0.065458
0.339244
0.019901
0.824916
0.642999
0.722345
0.924060
0.339066
0.436123
0.672643
0.744961
0.067916
0.698960
0.146731
0.782407
0.960628
0.334207
0.397589
0.026402
0.385407
0.324289
0.980874
0.962898
0.190441
0.526663
0.817548
0.645728
0.675602
0.949047
0.716174
0.765379
0.763242
0.092644
0.229862
0.772430
0.557042
0.956812
0.552882
0.296180
0.044994
0.822851
0.470126
0.962606
0.146180
0.249113
0.775880
0.722927
0.627346
0.416649
0.480656
0.457685
0.674300
0.822126
0.915447
0.118975
0.162969
0.652610
0.547350
0.668972
0.412513
0.462063
0.386083
0.241199
0.302689
0.090869
0.764030
0.207221
0.374502
0.208821
0.017077
0.100717
0.519080
0.548731
0.654389
0.764592
0.681750
0.414729
0.157315
0.903581
0.450472
0.069402
0.803162
0.613261
0.604876
0.280355
0.417357
0.344780
0.191762
0.738421
0.263607
0.589340
0.812932
0.688480
0.163120
0.908276
0.025453
0.274814
0.801983
0.815665
0.850475
0.359255
0.128071
0.808385
0.620358
0.197239
0.993483
0.481420
0.479456
0.334823
0.602871
0.744961
0.787898
0.888845
0.582891
0.822851
0.943678
0.216969
0.356769
0.976303
0.997180
0.290649
0.136283
0.938598
0.282532
0.722113
0.349561
0.768632
0.646321
0.058074
0.130135
0.749303
0.079514
0.549422
0.674418
0.165604
0.742097
0.648694
0.975892
0.569112
0.640508
0.678441
0.072116
0.201340
0.354752
0.226419
0.643118
0.908040
0.053433
0.839131
0.687418
0.505051
0.722810
0.299747
0.811561
0.674537
0.025900
0.452375
0.045965
0.720485
0.325410
0.041923
0.882669
0.374217
0.353107
0.356585
0.682932
0.497044
0.353290
0.815245
0.161965
0.425708
0.430125
0.057530
0.834609
0.245376
0.293766
0.130135
0.472613
0.439452
0.689541
0.241683
0.326101
0.542640
0.407502
0.805939
0.673235
0.225367
0.582891
0.523942
0.561211
0.174629
0.473912
0.940001
0.386953
0.352560
0.007406
0.594157
0.053489
0.105259
0.167604
0.643237
0.396606
0.792479
0.003564
0.706705
0.143130
0.203265
0.173247
0.088738
0.592747
0.371948
0.584883
0.733466
0.881788
0.816084
0.758390
0.837026
0.138373
0.283469
0.475105
0.878858
0.435086
0.650593
0.806045
0.030418
0.540461
0.114884
0.145172
0.595098
0.687890
0.065210
0.736579
0.244396
0.672288
0.887207
0.693312
0.651067
0.817026
0.157070
0.638728
0.575757
0.484373
0.986903
0.437682
0.130135
0.352287
0.155951
0.591571
0.724669
0.138812
0.167553
0.240646
0.351377
0.135636
0.294650
0.496933
0.596275
0.916727
0.158245
0.987082
0.098806
0.957550
0.523942
0.738651
0.352651
0.408301
0.556116
0.787788
0.012547
0.491958
0.567134
0.066185
0.207835
0.391031
0.998395
0.681278
0.616808
0.373555
0.430950
0.506950
0.686474
0.843805
0.655101
0.351377
0.292724
0.806258
0.304826
0.922041
0.562835
0.340133
0.537371
0.014190
0.908982
0.936657
0.194311
0.995513
0.182173
0.950200
0.499929
0.979880
0.195595
0.503378
0.170406
0.495715
0.554845
0.752491
0.584765
0.947997
0.991692
0.541493
0.331577
0.083505
0.540461
0.374217
0.631850
0.734620
0.744961
0.473371
0.628768
0.998871
0.543902
0.331752
0.002862
0.448572
0.513787
0.878590
0.784278
0.508292
0.484154
0.001992
0.358609
0.002822
0.663402
0.576575
0.841325
0.957550
0.736810
0.929682
0.944593
0.142725
0.598158
0.450366
0.674892
0.031735
0.969851
0.547695
0.280278
0.563648
0.666839
0.555076
0.624977
0.349289
0.169520
0.893780
0.208821
0.263385
0.505944
0.200204
0.875356
0.712789
0.751467
0.479892
0.259998
0.296907
0.688008
0.917401
0.780311
0.901152
0.049974
0.143944
0.593334
0.116347
0.452375
0.779758
0.900336
0.529276
0.658659
0.714774
0.573190
0.116422
0.625924
0.282688
0.401339
0.348475
0.047660
0.896957
0.605466
0.316097
0.987906
0.150080
0.487444
0.189698
0.225696
0.280123
0.333505
0.085352
0.017064
0.296907
0.849891
0.390155
0.262277
0.774658
0.458751
0.766390
0.451846
0.799942
0.513899
0.202963
0.965325
0.110988
0.736810
0.587814
0.180797
0.580433
0.966113
0.183059
0.208636
0.508963
0.311470
0.527004
0.781966
0.175806
0.511317
0.970023
0.784059
0.897455
0.185624
0.935477
0.944836
0.366126
0.993564
0.691899
0.135895
0.972201
0.686120
0.498375
0.394351
0.001270
0.626991
0.368560
0.350015
0.797464
0.344511
0.753060
0.249538
0.662454
0.819322
0.872997
0.993168
0.434879
0.212864
0.836020
0.152539
0.966297
0.017668
0.367248
0.092152
0.658422
0.089993
0.265091
0.143989
0.152968
0.734274
0.097507
0.214750
0.652610
0.955370
0.347210
0.408001
0.310885
0.066574
0.138636
0.542066
0.546085
0.492178
0.461849
0.777434
0.744045
0.052373
0.065368
0.739686
0.990490
0.096991
0.110988
0.394742
0.807110
0.377543
0.777766
0.802305
0.770533
0.384635
0.453329
0.659489
0.952518
0.834911
0.640152
0.464314
0.016916
0.814405
0.202000
0.243420
0.170041
0.182008
0.780090
0.159675
0.507732
0.438515
0.620832
0.747134
0.296907
0.191475
0.620713
0.440913
0.848622
0.641813
0.530527
0.492620
0.809022
0.104295
0.858464
0.309883
0.611133
0.956494
0.754877
0.778984
0.051332
0.719670
0.737040
0.757371
0.788663
0.702014
0.258755
0.989088
0.378306
0.355210
0.989957
0.892259
0.814825
0.484921
0.325065
0.676548
0.947644
0.101351
0.801125
0.602753
0.760649
0.105570
0.981102
0.982276
0.508627
0.333593
0.130343
0.581369
0.698137
0.777101
0.409302
0.657355
0.892429
0.394742
0.871262
0.243629
0.581603
0.207099
0.590984
0.180358
0.957340
0.540461
0.500929
0.963285
0.560052
0.112152
0.683404
0.210555
0.401636
0.626754
0.248263
0.033202
0.773767
0.132692
0.208574
0.774324
0.660201
0.525075
0.599336
0.700017
0.381079
0.807216
0.231532
0.719786
0.862440
0.626398
0.951169
0.731503
0.785157
0.187595
0.437474
0.512888
0.905823
0.621779
0.412815
0.307140
0.338711
0.090174
0.770198
0.206486
0.726409
0.172191
0.220814
0.465817
0.296665
0.531438
0.259632
0.218116
0.030652
0.476626
0.690249
0.738651
0.602635
0.664943
0.393372
0.791064
0.686592
0.288584
0.902936
0.833800
0.403023
0.167707
0.699430
0.362494
0.555538
0.415638
0.892429
0.422642
0.031874
0.227474
0.718855
0.091845
0.181017
0.917401
0.837528
0.807535
0.522697
0.177475
0.317792
0.742211
0.806684
0.455132
0.951734
0.297474
0.572490
0.422438
0.928228
0.380695
0.950600
0.448783
0.587110
0.620122
0.508292
0.840528
0.434775
0.309550
0.943617
0.538401
0.572257
0.289139
0.952518
0.233009
0.314493
0.959769
0.673945
0.327572
0.664587
0.484702
0.624977
0.567832
0.891580
0.059116
0.666721
0.604522
0.982493
0.488763
0.139693
0.179211
0.729537
0.371193
0.405408
0.413016
0.228865
0.496822
0.486895
0.752378
0.960023
0.084296
0.387728
0.567948
0.008844
0.532577
0.032237
0.652610
0.799942
0.326706
0.087822
0.458538
0.598629
0.443423
0.296665
0.422642
0.031093
0.569461
0.216016
0.872176
0.959972
0.994517
0.538973
0.896957
0.225958
0.279349
0.395232
0.517614
0.199787
0.689895
0.511541
0.715591
0.208698
0.728147
0.459391
0.767623
0.792914
0.328093
0.639322
0.058014
0.019700
0.953074
0.304661
0.937112
0.484921
0.144807
0.989316
0.885297
0.722578
0.148817
0.007006
0.939684
0.444681
0.115220
0.364540
0.777434
0.698725
0.065662
0.729537
0.179429
0.681632
0.652372
0.768520
0.276038
0.638135
0.349289
0.254331
0.700487
0.036951
0.912935
0.401735
0.796383
0.078178
0.138944
0.954066
0.166627
0.683168
0.175056
0.214877
0.366406
0.171349
0.758503
0.402428
0.736003
0.148073
0.704009
0.340222
0.810187
0.296665
0.282844
0.618701
0.985983
0.136977
0.211613
0.665654
0.540347
0.924490
0.506838
0.950942
0.591806
0.066436
0.172666
0.453435
0.875717
0.259852
0.880814
0.488214
0.682578
0.086448
0.809658
0.028463
0.060657
0.877964
0.914157
0.265017
0.476300
0.913700
0.317707
0.791609
0.819738
0.021522
0.974593
0.300807
0.982616
0.747933
0.410103
0.943064
0.484045
0.135335
0.910154
0.095427
0.214877
0.224189
0.136154
0.186073
0.007265
0.890131
0.983344
0.582540
0.879571
0.703539
0.453011
0.616099
0.147841
0.839431
0.622963
0.567367
0.985903
0.649406
0.435604
0.300562
0.313904
0.612552
0.729189
0.624740
0.931597
0.472180
0.494830
0.130176
0.323687
0.206854
0.806897
0.910853
0.282844
0.817026
0.438931
0.408101
0.276268
0.082442
0.474780
0.319834
0.944533
0.369217
0.109299
0.172402
0.242307
0.729537
0.367342
0.409101
0.963909
0.014190
0.653440
0.736003
0.201580
0.191993
0.116573
0.135163
0.349924
0.219976
0.723159
0.814825
0.252893
0.249681
0.953847
0.301461
0.076810
0.958900
0.607472
0.707174
0.175806
0.084041
0.691899
0.272074
0.740490
0.511092
0.646321
0.728842
0.162115
0.408701
0.894956
0.362587
0.518742
0.832178
0.579848
0.017246
0.292644
0.572490
0.395134
0.581486
0.088146
0.407702
0.449205
0.587814
0.898034
0.646084
0.798003
0.564925
0.783619
0.659134
0.182450
0.657473
0.050560
0.814825
0.390544
0.005911
0.962801
0.910853
0.112921
0.102797
0.495715
0.276345
0.722462
0.934219
0.305239
0.503378
0.956971
0.530300
0.017917
0.732312
0.701662
0.624621
0.458858
0.003188
0.386953
0.327746
0.062278
0.781856
0.503490
0.751923
0.531666
0.463992
0.482403
0.314999
0.114958
0.912397
0.482076
0.178558
0.524735
0.055768
0.526323
0.985550
0.060531
0.160071
0.902936
0.447203
0.540461
0.016398
0.076680
0.852222
0.423254
0.736925
0.757824
0.202361
0.458538
0.633154
0.781084
0.416143
0.811244
0.987235
0.647745
0.767175
0.253683
0.332190
0.590044
0.499596
0.039145
0.849404
0.353746
0.136543
0.561443
0.046474
0.053640
0.016668
0.568646
0.577510
0.943923
0.138286
0.109227
0.650474
0.657236
0.489424
0.112921
0.381846
0.423356
0.841424
0.490855
0.726177
0.302607
0.243350
0.729652
0.522810
0.349833
0.692016
0.977547
0.217478
0.313820
0.999727
0.549192
0.115445
0.994901
0.257443
0.091325
0.643592
0.132227
0.017728
0.500040
0.330704
0.015890
0.514799
0.220685
0.698254
0.997964
0.382230
0.457259
0.311554
0.596981
0.266432
0.363051
0.867669
0.781415
0.873361
0.349380
0.169208
0.024346
0.077781
0.339866
0.091845
0.772765
0.403122
0.205023
0.659608
0.348475
0.408801
0.277190
0.152159
0.327919
0.891835
0.836222
0.030030
0.286924
0.052171
0.808704
0.442900
0.261393
0.590044
0.090991
0.343704
0.902451
0.634696
0.294971
0.092152
0.990300
0.750670
0.987133
0.489424
0.224712
0.816188
0.528026
0.452164
0.459711
0.759746
0.286451
0.402428
0.453965
0.312644
0.319067
0.729305
0.203446
0.892598
0.610779
0.151022
0.621897
0.365286
0.885558
0.364354
0.837929
0.975967
0.618110
0.199966
0.985135
0.792044
0.809658
0.987783
0.598040
0.751923
0.536229
0.991480
0.976784
0.171454
0.640745
0.835617
0.020408
0.443528
0.705768
0.752264
0.956388
0.055205
0.414225
0.016342
0.512663
0.348023
0.757144
0.328093
0.629242
0.676430
0.729768
0.421215
0.966434
0.968325
0.603343
0.231063
0.015187
0.445206
0.134306
0.146225
0.653915
0.145081
0.969419
0.536571
0.868502
0.506950
0.883723
0.347391
0.327572
0.014136
0.798758
0.460138
0.168017
0.960878
0.224712
0.441017
0.918888
0.473154
0.517389
0.169520
0.642525
0.049992
0.556926
0.210990
0.126156
0.284879
0.203809
0.497044
0.308052
0.197711
0.255992
0.317283
0.217160
0.317198
0.307637
0.156097
0.294569
0.186974
0.794542
0.468831
0.082220
0.940317
0.627939
0.497376
0.058665
0.731387
0.249467
0.309300
0.660557
0.359347
0.346760
0.187482
0.391713
0.208636
0.355301
0.262277
0.370440
0.389280
0.752832
0.938083
0.796599
0.633747
0.545510
0.192628
0.428684
0.813459
0.344511
0.649525
0.799942
0.986852
0.742555
0.382999
0.340667
0.483060
0.440913
0.351559
0.403222
0.181732
0.819946
0.700957
0.822023
0.313820
0.783068
0.632324
0.172138
0.864223
0.548156
0.960878
0.664943
0.824813
0.075566
0.574123
0.198777
0.195653
0.426528
0.333768
0.291206
0.355851
0.515024
0.211052
0.702249
0.420503
0.964004
0.874451
0.103136
0.065775
0.345949
0.551036
0.993548
0.634577
0.528026
0.779537
0.383479
0.883460
0.180578
0.699077
0.708930
0.947526
0.059116
0.257516
0.320346
0.559010
0.139076
0.937112
0.195419
0.722113
0.317877
0.667076
0.240577
0.760537
0.118208
0.391908
0.238239
0.085927
0.639440
0.761890
0.149097
0.412010
0.919701
0.281909
0.753401
0.445626
0.671577
0.887034
0.273898
0.960275
0.114177
0.747362
0.152968
0.448572
0.773433
0.362866
0.276192
0.697902
0.391518
0.463777
0.704830
0.617755
0.082414
0.545395
0.387631
0.205327
0.664943
0.518291
0.041669
0.460032
0.306892
0.856363
0.888845
0.564925
0.061677
0.607945
0.277267
0.962264
0.359901
0.082665
0.782407
0.959156
0.042971
0.605820
0.665536
0.895458
0.761778
0.030340
0.494056
0.737616
0.508627
0.004103
0.789865
0.854539
0.291047
0.674063
0.711270
0.154165
0.775769
0.501486
0.426938
0.762792
0.393763
0.231934
0.991882
0.633629
0.017869
0.854731
0.204112
0.766165
0.685412
0.277651
0.732658
0.958745
0.692134
0.838330
0.626398
0.205753
0.998722
0.631020
0.670511
0.332803
0.057812
0.870161
0.515024
0.327919
0.237213
0.095713
0.460673
0.723507
0.916652
0.871445
0.610070
0.667669
0.600749
0.037179
0.236804
0.856746
0.311721
0.205327
0.464743
0.564112
0.022142
0.849501
0.754877
0.484702
0.126399
0.059487
0.236395
0.783729
0.830958
0.337471
0.995626
0.102695
0.556579
0.133497
0.975018
0.231398
0.799835
0.808173
0.557620
0.458751
0.302443
0.882669
0.957340
0.046326
0.366593
0.805192
0.342809
0.519419
0.456302
0.280588
0.210058
0.013852
0.644898
0.346669
0.158983
0.276038
0.844003
0.487005
0.984256
0.069140
0.289297
0.447203
0.178667
0.010593
0.486237
0.296180
0.751695
0.353199
0.099330
0.563068
0.146501
0.985686
0.208451
0.385214
0.217989
0.063740
0.517839
0.448467
0.151732
0.492068
0.541378
0.873816
0.644423
0.115257
0.986877
0.204294
0.872450
0.374217
0.244816
0.359255
0.035484
0.246218
0.453965
0.459925
0.044866
0.265463
0.341202
0.611961
0.027557
0.113142
0.000678
0.680805
0.438202
0.679859
0.266507
0.578912
0.414124
0.853672
0.406305
0.748960
0.646440
0.142725
0.197475
0.254980
0.702483
0.768408
0.778098
0.918962
0.158344
0.176450
0.852996
0.722578
0.794434
0.093730
0.873270
0.070820
0.115707
0.362123
0.705299
0.191878
0.830755
0.530755
0.296180
0.601339
0.251890
0.481966
0.154935
0.886601
0.388019
0.356585
0.786364
0.920948
0.681278
0.826459
0.823058
0.467538
0.025595
0.869240
0.777323
0.277959
0.278962
0.883636
0.528480
0.619293
0.405508
0.933618
0.272453
0.645253
0.099956
0.874994
0.648813
0.242654
0.474021
0.293365
0.351468
0.246218
0.954121
0.179048
0.683404
0.640864
0.790846
0.418675
0.705768
0.857224
0.829225
0.897952
0.388116
0.064694
0.632206
0.385986
0.785157
0.609834
0.563764
0.830143
0.776213
0.562139
0.836524
0.142815
0.474238
0.920509
0.446993
0.166576
0.495272
0.804018
0.391420
0.977547
0.008227
0.784828
0.611370
0.511429
0.754991
0.842219
0.903340
0.721183
0.366780
0.376591
0.563648
0.990279
0.559241
0.997941
0.592276
0.166474
0.440182
0.467000
0.177313
0.160866
0.831975
0.782848
0.200204
0.010951
0.343794
0.708930
0.464850
0.349108
0.144489
0.847938
0.299259
0.759181
0.798327
0.842418
0.498264
0.282221
0.324720
0.118017
0.399166
0.171980
0.237896
0.202241
0.202783
0.327399
0.954121
0.589105
0.120483
0.061186
0.938212
0.759746
0.001074
0.997803
0.357688
0.792697
0.692134
0.900581
0.582657
0.719204
0.499152
0.215066
0.712906
0.610897
0.161115
0.777877
0.290888
0.197004
0.288822
0.484483
0.202963
0.495826
0.700605
0.553805
0.895374
0.767960
0.849696
0.671932
0.418675
0.348837
0.690131
0.591336
0.744618
0.100684
0.970830
0.943310
0.770868
0.199966
0.985686
0.379834
0.049904
0.429816
0.184282
0.618701
0.360918
0.297474
0.736695
0.207405
0.527571
0.615152
0.462491
0.342094
0.284800
0.056534
0.683995
0.510868
0.945681
0.723507
0.185120
0.654745
0.763693
0.513113
0.903501
0.913623
0.570043
0.241406
0.977798
0.917176
0.523036
0.327399
0.835718
0.540118
0.742326
0.687064
0.686710
0.993467
0.967432
0.988293
0.203084
0.806471
0.151258
0.957235
0.220749
0.498375
0.021651
0.576108
0.425299
0.811561
0.344242
0.745076
0.704595
0.541493
0.896125
0.558315
0.078710
0.377162
0.640389
0.101887
0.443947
0.689541
0.310467
0.291366
0.873452
0.087001
0.258828
0.599571
0.152539
0.493503
0.736349
0.055166
0.331752
0.526209
0.440391
0.036791
0.513225
0.190728
0.542984
0.786912
0.974748
0.811667
0.668261
0.051532
0.038061
0.582774
0.301052
0.656050
0.854635
0.001711
0.277728
0.536114
0.825328
0.084098
0.297798
0.307720
0.804765
0.598394
0.558546
0.166730
0.314662
0.084552
0.765267
0.333505
0.751467
0.252391
0.835718
0.709749
0.286530
0.474346
0.513562
0.921313
0.537371
0.490965
0.302771
0.903017
0.063520
0.753969
0.617281
0.433739
0.400647
0.113695
0.609243
0.108196
0.823678
0.976079
0.997057
0.103441
0.862910
0.010867
0.285271
0.524395
0.572724
0.505721
0.747134
0.848720
0.969115
0.675720
0.877247
0.744961
0.656168
0.204294
0.932544
0.223211
0.736695
0.022957
0.242307
0.446046
0.606292
0.761665
0.289218
0.824091
0.100187
0.852899
0.472396
0.945440
0.972078
0.928088
0.092398
0.303510
0.114251
0.617636
0.751240
0.646915
0.929751
0.164181
0.573190
0.949279
0.485908
0.191935
0.914081
0.935608
0.823058
0.991806
0.877067
0.993548
0.039613
0.327486
0.179647
0.252391
0.390155
0.064694
0.731734
0.419284
0.826048
0.738651
0.886254
0.697431
0.468400
0.515812
0.002426
0.656999
0.777212
0.888243
0.021635
0.177421
0.332015
0.092675
0.940191
0.436643
0.275885
0.641338
0.641694
0.777212
0.103441
0.580433
0.720950
0.479783
0.136111
0.467215
0.634340
0.975248
0.115070
0.075695
0.431156
0.766053
0.663876
0.872176
0.638135
0.441435
0.619411
0.663283
0.709749
0.520887
0.638847
0.418066
0.820154
0.171402
0.625095
0.770198
0.103782
0.479129
0.675128
0.876798
0.864878
0.211800
0.229396
0.241199
0.093761
0.706002
0.885210
0.791282
0.561907
0.515586
0.460245
0.358241
0.949683
0.352560
0.739686
0.221266
0.980215
0.433118
0.172402
0.920216
0.390155
0.439869
0.624266
0.215319
0.156146
0.462706
0.380217
0.189641
0.130426
0.031493
0.906380
0.731040
0.401735
0.537829
0.758842
0.129886
0.542640
0.569578
0.107984
0.751012
0.786255
0.585586
0.531324
0.792479
0.341469
0.140135
0.737501
0.611961
0.803483
0.678322
0.672643
0.534402
0.073911
0.355393
0.239131
0.788991
0.306064
0.917102
0.420198
0.409402
0.765379
0.234021
0.925131
0.696490
0.996911
0.651898
0.734389
0.024184
0.977439
0.343346
0.532805
0.720717
0.248334
0.409402
0.596275
0.935147
0.345589
0.850961
0.281987
0.602164
0.458644
0.991863
0.503044
0.221201
0.970322
0.237486
0.199727
0.257371
0.042451
0.853189
0.907172
0.481311
0.520322
0.920216
0.611606
0.483935
0.771091
0.416952
0.166525
0.793349
0.195771
0.506279
0.136977
0.215446
0.466785
0.678204
0.393470
0.099297
0.853093
0.497044
0.817548
0.929957
0.624858
0.030968
0.764592
0.261908
0.242238
0.113400
0.890729
0.477278
0.169676
0.150221
0.152159
0.695314
0.486346
0.885123
0.861497
0.718040
0.202963
0.581252
0.280743
0.055224
0.882845
0.838631
0.068691
0.879927
0.015274
0.222821
0.386566
0.115670
0.989892
0.597687
0.232001
0.911858
0.519645
0.723856
0.144716
0.243768
0.690249
0.138154
0.300481
0.074088
0.834407
0.174310
0.819322
0.841723
0.213240
0.678441
0.588518
0.307886
0.153877
0.773656
0.915749
0.755785
0.868502
0.268904
0.130968
0.095016
0.611606
0.265984
0.504493
0.271317
0.041135
0.474671
0.547810
0.118055
0.492841
0.908982
0.175538
0.768855
0.068314
0.283391
0.423152
0.225893
0.044691
0.335528
0.093699
0.267778
0.876798
0.652610
0.529276
0.863004
0.630190
0.752946
0.553228
0.930506
0.058481
0.063257
0.413620
0.840229
0.949221
0.049974
0.195419
0.536229
0.834811
0.477822
0.630783
0.739571
0.023137
0.778984
0.450472
0.608535
0.704712
0.457792
0.693783
0.980842
0.361938
0.305569
0.330355
0.762454
0.477605
0.690956
0.099494
0.102526
0.851155
0.697078
0.183336
0.662454
0.588284
0.250392
0.249113
0.264348
0.178939
0.474563
0.276038
0.685766
0.271165
0.798650
0.293365
0.219077
0.602517
0.095016
0.440913
0.949510
0.701662
0.338800
0.537943
0.138768
0.084808
0.251533
0.752378
0.451106
0.786912
0.008509
0.079487
0.134392
0.855980
0.148212
0.889017
0.844694
0.445731
0.573307
0.824400
0.330704
0.023345
0.134648
0.443528
0.299178
0.461314
0.815455
0.232001
0.310801
0.755671
0.609125
0.663758
0.338623
0.365659
0.840229
0.647508
0.767847
0.698607
0.532463
0.923198
0.699547
0.550920
0.072338
0.779979
0.119785
0.944957
0.453859
0.634933
0.079460
0.688598
0.279658
0.605230
0.960728
0.577626
0.451634
0.777766
0.162215
0.595216
0.795193
0.048839
0.748047
0.455664
0.248546
0.002321
0.861403
0.250320
0.948640
0.483497
0.101451
0.842319
0.491076
0.849013
0.281676
0.440913
0.813985
0.452269
0.442063
0.485579
0.357229
0.973652
0.277343
0.019290
0.957497
0.665536
0.304332
0.690131
0.002092
0.537829
0.474129
0.788882
0.128399
0.547005
0.837528
0.436123
0.777766
0.682223
0.538286
0.612906
0.381079
0.670275
0.432808
0.233009
0.719204
0.079811
0.604286
0.482076
0.201041
0.723740
0.102021
0.167295
0.439974
0.682459
0.979166
0.965651
0.852996
0.710685
0.736349
0.712672
0.156000
0.123908
0.494387
0.467000
0.781084
0.275273
0.966754
0.988293
0.497820
0.678677
0.444891
0.028079
0.866463
0.105190
0.135034
0.511429
0.943310
0.019261
0.674182
0.245587
0.871811
0.541264
0.427657
0.675010
0.845877
0.505051
0.146317
0.169624
0.281676
0.807642
0.512888
0.175806
0.050275
0.930300
0.669327
0.613261
0.297555
0.139914
0.248263
0.598982
0.538973
0.740375
0.223994
0.738191
0.455345
0.774324
0.897703
0.742670
0.718506
0.794434
0.104707
0.116422
0.977295
0.809128
0.650830
0.939747
0.927670
0.999671
0.653084
0.951225
0.521000
0.121694
0.907725
0.153685
0.788773
0.569578
0.672643
0.337914
0.128810
0.922404
0.708930
0.960477
0.442063
0.946280
0.159082
0.689895
0.705064
0.933418
0.747933
0.903179
0.135765
0.543902
0.848525
0.835315
0.126278
0.608889
0.255558
0.043589
0.272074
0.630783
0.506614
0.373933
0.017515
0.724320
0.771203
0.920509
0.315928
0.446572
0.891070
0.373460
0.847546
0.888587
0.186354
0.807642
0.067034
0.868317
0.046063
0.533717
0.410504
0.904385
0.158196
0.003614
0.978190
0.101250
0.753628
0.911318
0.070675
0.396901
0.087763
0.558199
0.086768
0.297960
0.297069
0.424685
0.974164
0.091814
0.517050
0.877157
0.196240
0.936461
0.329223
0.983104
0.140047
0.886427
0.698137
0.833091
0.361659
0.750442
0.222432
0.288267
0.332102
0.369499
0.054761
0.189356
0.025776
0.549192
0.245587
0.084865
0.287793
0.825225
0.552997
0.080163
0.161165
0.796708
0.448678
0.345499
0.892513
0.972811
0.975476
0.755898
0.669919
0.733697
0.330181
0.197948
0.817862
0.140535
0.118131
0.220749
0.919110
0.683168
0.920582
0.513899
0.876168
0.496490
0.216016
0.278113
0.186354
0.160667
0.950998
0.670511
0.400745
0.405807
0.292004
0.906380
0.855884
0.608653
0.437474
0.905185
0.774101
0.304085
0.354661
0.866834
0.763693
0.241614
0.971375
0.472288
0.502933
0.787679
0.546430
0.179429
0.571791
0.645965
0.237555
0.856076
0.700017
0.743472
0.696137
0.413519
0.150315
0.031458
0.532121
0.617991
0.347933
0.460566
0.905744
0.868871
0.677849
0.738766
0.453965
0.752605
0.892259
0.340489
0.588870
0.024400
0.983374
0.083787
0.792805
0.009351
0.572374
0.339244
0.102695
0.876798
0.022727
0.834407
0.750214
0.095649
0.594745
0.919922
0.053658
0.608889
0.617281
0.734620
0.220814
0.610661
0.289139
0.414830
0.739686
0.467431
0.000327
0.466893
0.372798
0.160667
0.647033
0.185344
0.120756
0.210741
0.318727
0.083112
0.324375
0.876258
0.659015
0.454602
0.124307
0.258171
0.554498
0.971208
0.027628
0.731156
0.749759
0.315590
0.330704
0.873361
0.094575
0.835718
0.129471
0.383961
0.445731
0.220685
0.219333
0.567250
0.506279
0.099232
0.697902
0.153781
0.919922
0.780311
0.444576
0.827793
0.697196
0.073359
0.137848
0.832178
0.806045
0.259486
0.617281
0.775880
0.511653
0.905345
0.897952
0.480110
0.872268
0.006746
0.256354
0.659726
0.797140
0.587228
0.230662
0.280278
0.610897
0.812194
0.635052
0.840728
0.417155
0.783288
0.830041
0.760649
0.821815
0.839431
0.592864
0.398574
0.673353
0.902775
0.134648
0.067683
0.372798
0.713607
0.469694
0.243699
0.898199
0.638373
0.158344
0.661624
0.858939
0.923774
0.094387
0.572607
0.368654
0.644779
0.988765
0.802948
0.204840
0.563880
0.984799
0.033202
0.200264
0.608889
0.363981
0.088028
0.149799
0.335264
0.982739
0.620477
0.819738
0.373649
0.331228
0.544132
0.829939
0.386276
0.093294
0.431982
0.525415
0.960023
0.971040
0.699195
0.370911
0.488434
0.348204
0.612788
0.859414
0.371759
0.616453
0.736579
0.033652
0.859794
0.625213
0.456621
0.716174
0.208759
0.297717
0.421521
0.687772
0.968941
0.169728
0.802090
0.493614
0.926969
0.481202
0.556348
0.884074
0.792588
0.040767
0.528708
0.018313
0.680332
0.595334
0.099166
0.751581
0.966343
0.183669
0.713607
0.640508
0.145904
0.477496
0.893527
0.552535
0.689423
0.873270
0.905105
0.689895
0.127539
0.779427
0.097055
0.983254
0.928158
0.976303
0.873906
0.529049
0.559589
0.609598
0.067334
0.344421
0.798219
0.348294
0.760762
0.548731
0.172191
0.510980
0.333066
0.557157
0.866184
0.686238
0.785816
0.556579
0.944593
0.419588
0.712672
0.196768
0.104364
0.533375
0.278113
0.493724
0.847644
0.214561
0.936591
0.261614
0.302689
0.838230
0.424480
0.585234
0.424685
0.787131
0.828714
0.665299
0.287082
0.002574
0.225958
0.853672
0.791935
0.470234
0.014951
0.414326
0.779095
0.404612
0.191532
0.785487
0.947762
0.358886
0.968457
0.653559
0.558778
0.892513
0.637424
0.183669
0.086245
0.531438
0.378496
0.609362
0.913623
0.562951
0.174097
0.908512
0.392786
0.538286
0.954066
0.541837
0.903581
0.048016
0.385117
0.994488
0.417965
0.518742
0.136890
0.971707
0.918666
0.718738
0.429199
0.925486
0.477278
0.358241
0.784498
0.029496
0.061612
0.568064
0.141872
0.669090
0.674182
0.872176
0.144762
0.492178
0.825534
0.379643
0.710334
0.629953
0.535201
0.316351
0.909373
0.636831
0.720019
0.846270
0.220362
0.664587
0.764592
0.102156
0.731156
0.421419
0.677021
0.321542
0.333768
0.545970
0.590162
0.188389
0.771873
0.734274
0.939684
0.087586
0.676193
0.048666
0.968765
0.924060
0.040042
0.321371
0.376115
0.353016
0.435086
0.622963
0.843904
0.032950
0.084552
0.298122
0.299178
0.456621
0.490084
0.485250
0.924632
0.291127
0.526777
0.744618
0.523602
0.279194
0.659726
0.909217
0.202421
0.462813
0.515361
0.669209
0.866184
0.684940
0.894620
0.478149
0.799081
0.459071
0.385600
0.185680
0.134435
0.553228
0.210244
0.632443
0.292884
0.933752
0.412815
0.610070
0.042986
0.013064
0.176881
0.121576
0.632324
0.575874
0.452375
0.276268
0.521792
0.578445
0.407502
0.995079
0.814825
0.684703
0.175484
0.938341
0.313988
0.491958
0.223928
0.005203
0.855212
0.602989
0.070240
0.571325
0.434568
0.069402
0.201220
0.930026
0.740490
0.238787
0.739801
0.548501
0.678559
0.058156
0.161165
0.405906
0.165095
0.788663
0.420503
0.032950
0.767735
0.502710
0.594981
0.645491
0.341648
0.585586
0.734159
0.053059
0.495051
0.176504
0.217669
0.183669
0.768184
0.393959
0.820985
0.069473
0.375545
0.147008
0.645016
0.558315
0.684585
0.443633
0.204415
0.836926
0.516600
0.060868
0.181236
0.736464
0.178450
0.416750
0.078311
0.855884
0.014173
0.788226
0.646796
0.795301
0.716874
0.250962
0.455557
0.865531
0.313231
0.529617
0.175217
0.473371
0.301543
0.587580
0.771203
0.827383
0.436643
0.710685
0.925912
0.654864
0.169989
0.243280
0.885558
0.611488
0.907488
0.661979
0.811033
0.613261
0.054455
0.645491
0.427862
0.991244
0.725945
0.372325
0.767623
0.824504
0.396213
0.338623
0.144262
0.511990
0.411106
0.108764
0.767735
0.204658
0.522810
0.808385
0.172296
0.048804
0.146685
0.178776
0.183892
0.647508
0.172507
0.435190
0.135722
0.237965
0.370722
0.234630
0.022433
0.162215
0.157070
0.896625
0.339599
0.265910
0.366874
0.818071
0.236804
0.061548
0.182560
0.897621
0.234224
0.931189
0.596157
0.163625
0.235443
0.191417
0.832381
0.133073
0.239543
0.995563
0.408201
0.023739
0.023310
0.753287
0.952797
0.569810
0.853575
0.045380
0.098155
0.835214
0.371853
0.777544
0.065391
0.533831
0.231063
0.818801
0.887553
0.502710
0.851544
0.533261
0.433118
0.755331
0.270787
0.153829
0.488983
0.995551
0.280278
0.964951
0.279271
0.430847
0.971333
0.490415
0.173406
0.957129
0.468723
0.108764
0.499485
0.012014
0.588284
0.150127
0.722810
0.778320
0.077019
0.036805
0.783729
0.407103
0.511429
0.199727
0.061335
0.468939
0.346489
0.399955
0.695549
0.410103
0.287161
0.494609
0.127049
0.696961
0.676193
0.203930
0.139428
0.116234
0.675365
0.300807
0.121733
0.239887
0.425299
0.330268
0.315759
0.664943
0.635526
0.843013
0.220814
0.327572
0.766726
0.311387
0.515136
0.651779
0.722345
0.860647
0.413419
0.805619
0.532919
0.827075
0.371193
0.729652
0.060007
0.097378
0.709281
0.165451
0.203567
0.397196
0.524282
0.474997
0.870161
0.921459
0.414225
0.858654
0.565158
0.511092
0.277728
0.563880
0.511541
0.963957
0.689659
0.044850
0.396508
0.688952
0.797572
0.120522
0.499485
0.707057
0.225236
0.973293
0.083505
0.453223
0.755898
0.897786
0.045364
0.433325
0.660557
0.427965
0.991634
0.972242
0.971707
0.476952
0.050792
0.909061
0.931053
0.550805
0.448256
0.671340
0.679387
0.800695
0.925131
0.731503
0.661387
0.950486
0.054704
0.134820
0.252320
0.069664
0.909139
0.219333
0.005639
0.743587
0.324203
0.728842
0.470126
0.724436
0.121302
0.989473
0.552997
0.915069
0.522018
0.607945
0.148026
0.662216
0.510868
0.641338
0.150975
0.691309
0.430950
0.290967
0.705416
0.125068
0.151117
0.672998
0.329223
0.114251
0.267628
0.308717
0.187313
0.007742
0.362030
0.109764
0.045558
0.983224
0.514124
0.418878
0.968280
0.140224
0.028079
0.120522
0.159477
0.211800
0.844003
0.340400
0.662098
0.535772
0.242516
0.336852
0.298041
0.863380
0.741064
0.097152
0.948873
0.398574
0.488763
0.527231
0.576458
0.909373
0.239406
0.220814
0.486456
0.718622
0.148119
0.699195
0.726641
0.615507
0.588753
0.240370
0.675483
0.502487
0.666839
0.060531
0.392786
0.782628
0.416345
0.584297
0.079514
0.847350
0.556579
0.149986
0.766614
0.183669
0.516037
0.384153
0.748960
0.792044
0.531894
0.825328
0.408901
0.455664
0.996049
0.625569
0.373082
0.484702
0.023554
0.027658
0.884249
0.598394
0.768072
0.850086
0.838330
0.236804
0.613615
0.357688
0.947408
0.694725
0.968236
0.749074
0.337205
0.782407
0.763355
0.386663
0.616690
0.190155
0.159477
0.468939
0.559705
0.872450
0.754991
0.262720
0.991939
0.219783
0.435604
0.789428
0.656287
0.781966
0.443004
0.992963
0.377162
0.933886
0.448045
0.313063
0.311889
0.676548
0.745304
0.314831
0.556810
0.464528
0.143085
0.434050
0.833294
0.449733
0.679623
0.612315
0.325669
0.277959
0.838230
0.530527
0.471314
0.549077
0.433015
0.288663
0.769303
0.563532
0.053433
0.046772
0.509411
0.741408
0.741638
0.486895
0.645253
0.455983
0.085037
0.401141
0.717923
0.466247
0.441017
0.234765
0.590867
0.468400
0.577042
0.819322
0.296988
0.501152
0.848427
0.347391
0.627346
0.027274
0.548501
0.223146
0.024130
0.812616
0.956228
0.928991
0.099956
0.648932
0.074951
0.190155
