0.804883
0.980302
0.210462
0.499167
0.556164
0.384284
0.732717
0.913721
0.180530
0.341295
0.758920
0.557029
0.232825
0.228209
0.340050
0.076718
0.230508
0.288007
0.518871
0.102114
0.735533
0.798545
0.975089
0.989316
0.189442
0.473629
0.867007
0.760784
0.724265
0.856300
0.199526
0.327785
0.363629
0.264635
0.857133
0.866193
0.002106
0.002519
0.387010
0.527216
0.673618
0.696084
0.778399
0.382249
0.508140
0.133011
0.577985
0.743970
0.718627
0.707351
0.932558
0.692331
0.603815
0.255008
0.528895
0.854630
0.505683
0.550134
0.294648
0.199115
0.524704
0.304825
0.507320
0.504866
0.330212
0.434719
0.231433
0.255508
0.975089
0.728023
0.254509
0.228668
0.739284
0.889074
0.641154
0.282562
0.280406
0.167976
0.144354
0.602017
0.426619
0.398747
