0.227775
0.285871
0.276522
0.232988
0.227989
0.155057
0.288493
0.412034
0.419498
0.734563
0.925730
0.515784
0.185419
0.143224
0.121605
0.102156
0.064777
0.081405
0.000000
0.000000
0.000000
0.000000
0.000000
0.000000
0.000000
0.000000
0.000000
0.000000
0.000000
0.000000
0.000000
0.000000
0.000000
0.000000
0.000000
0.000000
0.682619
0.575704
0.817504
0.994733
0.878190
0.507946
0.474737
0.613109
0.693501
0.726100
0.463449
0.196183
0.349721
0.726100
0.952622
0.752175
0.679836
0.881800
0.028190
0.023069
0.055958
0.077219
0.120504
0.251281
0.644787
0.699676
0.984769
0.082352
0.247160
0.393252
0.390545
0.260032
0.235736
0.270773
0.240751
0.315034
0.000000
0.000000
0.000000
0.000000
0.000000
0.000000
0.000000
0.000000
0.000000
0.000000
0.000000
0.000000
0.000000
0.000000
0.000000
0.000000
0.000000
0.000000
0.040894
0.046534
0.066023
0.234289
0.552481
0.820384
0.914424
0.578948
0.389219
0.968055
0.817146
0.700188
0.303339
0.430923
0.446823
0.530289
0.828093
0.984501
0.194317
0.231843
0.360315
0.598288
0.994191
0.649782
0.544757
0.989938
0.484575
0.694196
0.544966
0.494113
0.535798
0.646453
0.702479
0.870072
0.959519
0.898828
0.206923
0.315973
0.278283
0.201204
0.178518
0.142131
0.187898
0.670835
0.878949
0.611683
0.941586
0.440156
0.442767
0.374311
0.217872
0.195186
0.248701
0.222854
0.000000
0.000000
0.000000
0.000000
0.000000
0.000000
0.000000
0.000000
0.000000
0.000000
0.000000
0.000000
0.000000
0.000000
0.000000
0.000000
0.000000
0.000000
0.000000
0.000000
0.000000
0.000000
0.000000
0.000000
0.000000
0.000000
0.000000
0.000000
0.000000
0.000000
0.000000
0.000000
0.000000
0.000000
0.000000
0.000000
0.487978
0.346100
0.286726
0.354181
0.385501
0.349476
0.285137
0.537883
0.700896
0.405274
0.183321
0.077478
0.054908
0.044112
0.065746
0.070131
0.049821
0.032556
0.932078
0.807009
0.589330
0.560057
0.438389
0.208860
0.222088
0.217596
0.203906
0.685125
0.417044
0.321538
0.449609
0.558082
0.918851
0.538700
0.299981
0.236652
0.000000
0.000000
0.000000
0.000000
0.000000
0.000000
0.000000
0.000000
0.000000
0.000000
0.000000
0.000000
0.000000
0.000000
0.000000
0.000000
0.000000
0.000000
0.186582
0.090037
0.090447
0.213250
0.387760
0.370074
0.485666
0.534468
0.524264
0.930010
0.899118
0.738471
0.842118
0.671184
0.371437
0.198789
0.067060
0.052559
0.179324
0.166793
0.149338
0.130376
0.310699
0.701598
0.990725
0.718712
0.193708
0.193708
0.489977
0.545519
0.491623
0.603151
0.572554
0.316294
0.207030
0.228534
0.000000
0.000000
0.000000
0.000000
0.000000
0.000000
0.000000
0.000000
0.000000
0.000000
0.000000
0.000000
0.000000
0.000000
0.000000
0.000000
0.000000
0.000000
0.975284
0.786804
0.696738
0.908010
0.952463
0.961491
0.854945
0.469815
0.357700
0.818139
0.701337
0.680832
0.900100
0.858062
0.993854
0.619882
0.402156
0.318456
0.271579
0.213078
0.303068
0.340904
0.430894
0.488543
0.713894
0.966687
0.942334
0.884969
0.577633
0.589774
0.763608
0.878627
0.833018
0.583434
0.631668
0.851553
0.000000
0.000000
0.000000
0.000000
0.000000
0.000000
0.000000
0.000000
0.000000
0.000000
0.000000
0.000000
0.000000
0.000000
0.000000
0.000000
0.000000
0.000000
0.000000
0.000000
0.000000
0.000000
0.000000
0.000000
0.000000
0.000000
0.000000
0.000000
0.000000
0.000000
0.000000
0.000000
0.000000
0.000000
0.000000
0.000000
0.000000
0.000000
0.000000
0.000000
0.000000
0.000000
0.000000
0.000000
0.000000
0.000000
0.000000
0.000000
0.000000
0.000000
0.000000
0.000000
0.000000
0.000000
0.324193
0.399374
0.407955
0.313330
0.297759
0.666179
0.978567
0.555455
0.221909
0.186306
0.398700
0.667311
0.544867
0.753741
0.818539
0.751578
0.844245
0.712055
0.726574
0.682623
0.758002
0.977259
0.740717
0.720836
0.568137
0.204405
0.210313
0.687823
0.389947
0.472275
0.661572
0.586698
0.441500
0.427657
0.664799
0.836500
0.845125
0.930225
0.990620
0.725226
0.552870
0.665309
0.362842
0.048819
0.078543
0.373359
0.321587
0.477141
0.773043
0.661362
0.494106
0.568533
0.665499
0.669620
0.026444
0.079573
0.074739
0.173403
0.292103
0.207591
0.388662
0.681021
0.875803
0.986145
0.888371
0.686329
0.698568
0.821392
0.733602
0.661175
0.713118
0.929521
0.255450
0.401735
0.414817
0.260997
0.352993
0.551455
0.757032
0.911658
0.802730
0.954028
0.885318
0.348894
0.257191
0.626386
0.907747
0.894001
0.842679
0.896171
0.701111
0.597797
0.541101
0.361756
0.253525
0.292604
0.560358
0.473336
0.229393
0.336281
0.495008
0.430487
0.268975
0.332936
0.421798
0.225824
0.172103
0.245569
0.000000
0.000000
0.000000
0.000000
0.000000
0.000000
0.000000
0.000000
0.000000
0.000000
0.000000
0.000000
0.000000
0.000000
0.000000
0.000000
0.000000
0.000000
0.000000
0.000000
0.000000
0.000000
0.000000
0.000000
0.000000
0.000000
0.000000
0.000000
0.000000
0.000000
0.000000
0.000000
0.000000
0.000000
0.000000
0.000000
0.000000
0.000000
0.000000
0.000000
0.000000
0.000000
0.000000
0.000000
0.000000
0.000000
0.000000
0.000000
0.000000
0.000000
0.000000
0.000000
0.000000
0.000000
0.335102
0.364017
0.535946
0.664854
0.918834
0.411997
0.234267
0.289597
0.210058
0.375318
0.750711
0.989092
0.711568
0.289240
0.268685
0.387126
0.487296
0.553072
0.000000
0.000000
0.000000
0.000000
0.000000
0.000000
0.000000
0.000000
0.000000
0.000000
0.000000
0.000000
0.000000
0.000000
0.000000
0.000000
0.000000
0.000000
0.000000
0.000000
0.000000
0.000000
0.000000
0.000000
0.000000
0.000000
0.000000
0.000000
0.000000
0.000000
0.000000
0.000000
0.000000
0.000000
0.000000
0.000000
0.304345
0.206526
0.226910
0.158828
0.052494
0.065783
0.338123
0.545673
0.661304
0.318316
0.015648
0.006292
0.040219
0.150992
0.406952
0.534564
0.382369
0.347930
0.110202
0.138993
0.235475
0.302175
0.360353
0.509957
0.474821
0.370969
0.428979
0.759079
0.888825
0.942453
0.995132
0.952804
0.872403
0.753991
0.608208
0.721647
0.000760
0.002880
0.007873
0.012827
0.042985
0.117407
0.077100
0.008562
0.049924
0.824813
0.370994
0.213313
0.117407
0.142869
0.163906
0.114404
0.104199
0.105599
0.098510
0.179461
0.141916
0.064220
0.112143
0.412906
0.666773
0.922505
0.980797
0.531430
0.388902
0.532403
0.668949
0.942434
0.810721
0.830837
0.842359
0.990684
0.238854
0.405067
0.694095
0.558072
0.414569
0.581862
0.638982
0.762029
0.712062
0.683318
0.919599
0.689435
0.648952
0.974172
0.828433
0.800096
0.759637
0.755835
0.565491
0.765653
0.532958
0.438035
0.766436
0.890409
0.644138
0.953379
0.598492
0.839505
0.543167
0.409818
0.505432
0.304827
0.167571
0.345338
0.540657
0.458262
0.000000
0.000000
0.000000
0.000000
0.000000
0.000000
0.000000
0.000000
0.000000
0.000000
0.000000
0.000000
0.000000
0.000000
0.000000
0.000000
0.000000
0.000000
