0.365401
0.875408
0.505191
0.934374
0.098648
0.082498
0.218135
0.457536
0.290225
0.666603
0.608479
0.521995
0.059689
0.260410
0.304010
0.359693
0.407238
0.458182
0.530292
0.667263
0.168666
0.168690
0.272912
0.013575
0.431819
0.419631
0.663415
0.689006
0.640088
0.056740
0.417790
0.447220
0.588357
0.744589
0.250824
0.138537
0.317718
0.374447
0.439070
0.328742
0.601372
0.244475
0.861242
0.596383
0.048411
0.082990
0.295492
0.288020
0.793861
0.483300
0.737327
0.839077
0.141117
0.632716
0.619464
0.470041
0.643824
0.592305
0.835981
0.872535
0.780726
0.791680
0.829147
0.895720
0.106371
0.480560
0.396952
0.455814
0.955182
0.888783
0.473351
0.584332
0.336331
0.608764
0.991280
0.986922
0.373695
0.039802
0.513871
0.940478
