0.397490
0.181590
0.530058
0.516009
0.852023
0.230713
0.189886
0.023180
0.000000
0.000000
0.000000
0.000000
0.000000
0.000000
0.000000
0.000000
0.868144
0.680610
0.237021
0.211948
0.921056
0.538658
0.627459
0.398923
0.523830
0.083188
0.582418
0.215170
0.092992
0.245496
0.250076
0.265645
0.000000
0.000000
0.000000
0.000000
0.000000
0.000000
0.000000
0.000000
0.077601
0.802454
0.926299
0.314339
0.970989
0.624739
0.713871
0.424634
0.879105
0.818468
0.684661
0.849937
0.752474
0.381833
0.610406
0.452281
0.432464
0.514937
0.654438
0.538706
0.635510
0.928094
0.054610
0.197168
0.000000
0.000000
0.000000
0.000000
0.000000
0.000000
0.000000
0.000000
0.000000
0.000000
0.000000
0.000000
0.000000
0.000000
0.000000
0.000000
0.448927
0.609303
0.493256
0.036499
0.627388
0.620897
0.560083
0.371972
0.701562
0.452484
0.858405
0.838584
0.926728
0.280012
0.337587
0.601380
0.000000
0.000000
0.000000
0.000000
0.000000
0.000000
0.000000
0.000000
0.821019
0.927414
0.222581
0.788570
0.518889
0.817179
0.223186
0.061182
0.613236
0.077867
0.438618
0.200376
0.338214
0.556586
0.122630
0.629970
0.000000
0.000000
0.000000
0.000000
0.000000
0.000000
0.000000
0.000000
0.504546
0.576970
0.828059
0.643027
0.857390
0.879535
0.919148
0.992881
0.533127
0.291212
0.472690
0.599953
0.336270
0.894390
0.426671
0.899659
0.000000
0.000000
0.000000
0.000000
0.000000
0.000000
0.000000
0.000000
0.000000
0.000000
0.000000
0.000000
0.000000
0.000000
0.000000
0.000000
0.000000
0.000000
0.000000
0.000000
0.000000
0.000000
0.000000
0.000000
0.058088
0.980311
0.482033
0.477152
0.168154
0.136629
0.100624
0.393344
0.961222
0.154084
0.678156
0.663177
0.257944
0.047359
0.144359
0.236056
0.508483
0.461219
0.228263
0.447808
0.165637
0.356919
0.947746
0.849528
0.428148
0.286732
0.897771
0.778764
0.947489
0.195753
0.813305
0.275839
0.710505
0.036685
0.623177
0.768131
0.180366
0.244495
0.007918
0.934490
0.919123
0.213037
0.724115
0.968776
0.573928
0.093027
0.387101
0.412274
0.000000
0.000000
0.000000
0.000000
0.000000
0.000000
0.000000
0.000000
0.000000
0.000000
0.000000
0.000000
0.000000
0.000000
0.000000
0.000000
0.000000
0.000000
0.000000
0.000000
0.000000
0.000000
0.000000
0.000000
0.651804
0.646574
0.361592
0.858629
0.743115
0.846222
0.749596
0.273605
0.000000
0.000000
0.000000
0.000000
0.000000
0.000000
0.000000
0.000000
0.000000
0.000000
0.000000
0.000000
0.000000
0.000000
0.000000
0.000000
0.986944
0.883890
0.856885
0.646449
0.908096
0.381545
0.670825
0.427610
0.868240
0.634235
0.928777
0.527208
0.723431
0.826202
0.813651
0.836812
0.034198
0.031777
0.136343
0.001185
0.715400
0.187389
0.491064
0.121853
0.181349
0.884038
0.768396
0.923958
0.854410
0.987176
0.797810
0.951208
0.337285
0.913683
0.156715
0.220080
0.787985
0.993354
0.873018
0.977992
0.910679
0.941526
0.447311
0.131929
0.212711
0.070299
0.892175
0.913360
0.000000
0.000000
0.000000
0.000000
0.000000
0.000000
0.000000
0.000000
